2974913185632193937 789826898984062624
8863790822787182734 1781197303031582813
1786977751194326803 2419470718683337502
6076824143986236228 8241688298480855045
2539219272739914336 3541596575475772541
8316029583086662986 1498435032774065834
1022149801612159745 7905776467143685747
1245908975744054638 2338813411564378208
1413707848593894607 3025415455997892100
7907427856783559584 7966170650761748708
6562992088211538595 7419066054005325330
353965461494432364 5743893899907043704
662026375339832992 6107553674238424613
6238849953868194744 4705418682147788428
8347561266730047218 51682521197812938
406858227290854290 6884839437545412465
7186765307431809146 1422268910831560484
1209921514676884727 304629048584433510
4757835306486876969 2910901887758588764
8975330428269048430 6673293647951236033
2416920407277453578 4551032018927272472
9078556538525303615 3124889237570470433
7326706638307722032 6349564125219431070
1681998312397071217 2475006692079567876
7622872635463746057 5323304641621732925
7824729772661764220 6106582448769646438
6154007509528799866 5274483553561993500
8620852199811893721 2424609269572747151
2577723304755981028 924398484877601662
37878653607856395 5139096043009188873
3830533645413981571 8149594529162708712
2833012556828570682 6113588311755825643
7097878917236517214 2274193102429862145
8021219042569380523 340658149770687474
6004345051352866419 6791483528270635125
5813324930958434099 1046547826485469823
6911448930285150064 6243990173562466148
8315894382068785983 6529671661026594939
8381680012554177555 6743799746121909456
4489459307600975785 614307240158509966
3437260818058077430 1822994560149923561
5771074539705050980 8536689988860684386
650348779165115380 6660759678614496493
3283283551275586468 3728403077439039897
1183861397805354468 6582688876959496074
6457938156863969560 8259118911715066026
6191313459197159497 5786614045803916803
3920220776164946845 8406485253396897850
2881224255554331413 7455808738410215001
8642097249804163482 3775101864252009210
8100143367423992604 3530126304860611931
4241258680178962729 1601842695349021977
3109096753258976772 5529267922923327414
4850160117552759409 4852962067177187936
2734366632274099626 6685836904312916036
7499013402540612388 8441557987861417896
7704235176696865749 4927956409487853828
4365937636552402852 2189823169182325000
4119966619385623446 11320458811350983
243090184311576282 350076034584528266
