6115343715282529676 7092488112888884701
6911843243149532421 978727925794872517
2490135835619748797 6863364994781525490
2089525207077426323 8817810335654819228
2608619629154386931 454250834565199555
6576677130659103979 2524382695467668796
3172521690446158510 8500567353913721650
2654627354651085269 7023292911420102060
5479911487715301347 6759472577756935163
321329525825134291 1575214931151596421
296711990055811325 922000742800226332
9038486798496140027 7953785654387648288
5347212726232104037 3870376807853139644
7563662045241140659 6131698853193835492
1812915098872927576 6597339540471292544
3655415641106999857 7056599906874652391
8328289014220471511 8229608962422087088
6718505986371075828 5886828694045790214
4927662508966477504 2809485748425718620
8779542943374749728 7818216977507842234
248833966727050080 6171042960544928643
6791878635172325463 8543448644975832834
1058050462927170662 929938292974224881
5565648877445960909 5990034099390865207
4695462511886334559 5173782745755250729
7421534503591137114 6767162575824844963
1790640336052213359 6944246731704364399
7195679661303814523 3747193915661298415
8662244317957528792 6420362999905355500
5416408340499214670 4789073561274307684
2042997311814320466 516782835271892921
4199740904208718920 5320688574251228269
206747430899445181 682239182678089640
8904465037491254023 4135271419445710103
3322070133704517865 2579201515858822778
1876543989144330929 3733243213113035671
8084438810612872904 6241441391758091473
9221823264303011996 1241167203704170498
5663180536425208160 2559695538081100239
1349719157067557121 8224062781701997630
6913980369764692061 366941917470205225
1400990753274982448 5076676911894189391
833857333236720828 2901588569719629730
8386850049807637772 8992200535922085880
3414380729584110179 7491567305156244154
