3768051803850232570 8736067924464081560
6908985606982969133 4133818235708322471
865285411637738628 3805751953646966324
1931883685544427724 398285387637304375
1417522378048474631 6024517213090989451
7700569342144486571 408616473247043185
8072825905719873570 605190505304654374
5731643662414017515 6237014071471319345
357050069493383237 6559150795180114941
557359487456124016 7387382132964525029
5990332319078488667 1236901211590095879
326229845365428216 3832178165199387651
5875268174209623316 2764166327757389989
1625069437815773652 175487466213103321
3475220885647417959 7994752562621939504
5710060558973969388 4608832806258052993
7523411498186013616 1930130072971885418
3082657071123168428 277457769334963641
5435253115953453216 9021736618665079200
7180078180123781198 3088221487279210457
