5152014577587609406 5775446143141604484
8863790822787182734 1781197303031582813
37420202224655658 4358055053662702742
1786977751194326803 2419470718683337502
6076824143986236228 8241688298480855045
7574619046991064867 6603969751213041362
2539219272739914336 3541596575475772541
8316029583086662986 1498435032774065834
998753028598296638 6060784367680950286
8881823489492909191 3177285419198420165
1022149801612159745 7905776467143685747
5920526578866099280 536270298417758600
1245908975744054638 2338813411564378208
1413707848593894607 3025415455997892100
7907427856783559584 7966170650761748708
6562992088211538595 7419066054005325330
353965461494432364 5743893899907043704
4309916781818836114 4902091827527701484
662026375339832992 6107553674238424613
3588380707312722444 5776237740108523263
6238849953868194744 4705418682147788428
8347561266730047218 51682521197812938
406858227290854290 6884839437545412465
1233751567314146046 919352111346515307
7186765307431809146 1422268910831560484
1209921514676884727 304629048584433510
4757835306486876969 2910901887758588764
8975330428269048430 6673293647951236033
2416920407277453578 4551032018927272472
9078556538525303615 3124889237570470433
7326706638307722032 6349564125219431070
1681998312397071217 2475006692079567876
7622872635463746057 5323304641621732925
7824729772661764220 6106582448769646438
6154007509528799866 5274483553561993500
8620852199811893721 2424609269572747151
2577723304755981028 924398484877601662
3830533645413981571 8149594529162708712
37878653607856395 5139096043009188873
2833012556828570682 6113588311755825643
