7097878917236517214 2274193102429862145
8021219042569380523 340658149770687474
6004345051352866419 6791483528270635125
5813324930958434099 1046547826485469823
6911448930285150064 6243990173562466148
8315894382068785983 6529671661026594939
8381680012554177555 6743799746121909456
4489459307600975785 614307240158509966
3437260818058077430 1822994560149923561
5771074539705050980 8536689988860684386
650348779165115380 6660759678614496493
3283283551275586468 3728403077439039897
1183861397805354468 6582688876959496074
6457938156863969560 8259118911715066026
6191313459197159497 5786614045803916803
3920220776164946845 8406485253396897850
2881224255554331413 7455808738410215001
8642097249804163482 3775101864252009210
8100143367423992604 3530126304860611931
4241258680178962729 1601842695349021977
3109096753258976772 5529267922923327414
7499013402540612388 8441557987861417896
4850160117552759409 4852962067177187936
2734366632274099626 6685836904312916036
7704235176696865749 4927956409487853828
4365937636552402852 2189823169182325000
4119966619385623446 11320458811350983
243090184311576282 350076034584528266
6115343715282529676 7092488112888884701
6911843243149532421 978727925794872517
2490135835619748797 6863364994781525490
2608619629154386931 454250834565199555
2089525207077426323 8817810335654819228
6576677130659103979 2524382695467668796
3172521690446158510 8500567353913721650
2654627354651085269 7023292911420102060
5479911487715301347 6759472577756935163
321329525825134291 1575214931151596421
9038486798496140027 7953785654387648288
296711990055811325 922000742800226332
