5347212726232104037 3870376807853139644
7563662045241140659 6131698853193835492
1812915098872927576 6597339540471292544
8328289014220471511 8229608962422087088
3655415641106999857 7056599906874652391
6718505986371075828 5886828694045790214
4927662508966477504 2809485748425718620
8779542943374749728 7818216977507842234
6791878635172325463 8543448644975832834
248833966727050080 6171042960544928643
1058050462927170662 929938292974224881
7421534503591137114 6767162575824844963
5565648877445960909 5990034099390865207
4695462511886334559 5173782745755250729
8662244317957528792 6420362999905355500
7195679661303814523 3747193915661298415
1790640336052213359 6944246731704364399
5416408340499214670 4789073561274307684
2042997311814320466 516782835271892921
4199740904208718920 5320688574251228269
206747430899445181 682239182678089640
8904465037491254023 4135271419445710103
3322070133704517865 2579201515858822778
1876543989144330929 3733243213113035671
9221823264303011996 1241167203704170498
8084438810612872904 6241441391758091473
5663180536425208160 2559695538081100239
1349719157067557121 8224062781701997630
8386850049807637772 8992200535922085880
833857333236720828 2901588569719629730
6913980369764692061 366941917470205225
1400990753274982448 5076676911894189391
3414380729584110179 7491567305156244154
865285411637738628 3805751953646966324
6908985606982969133 4133818235708322471
3768051803850232570 8736067924464081560
1931883685544427724 398285387637304375
8072825905719873570 605190505304654374
7700569342144486571 408616473247043185
1417522378048474631 6024517213090989451
