5731643662414017515 6237014071471319345
557359487456124016 7387382132964525029
357050069493383237 6559150795180114941
7180078180123781198 3088221487279210457
5990332319078488667 1236901211590095879
5435253115953453216 9021736618665079200
5875268174209623316 2764166327757389989
3475220885647417959 7994752562621939504
326229845365428216 3832178165199387651
1625069437815773652 175487466213103321
7523411498186013616 1930130072971885418
5710060558973969388 4608832806258052993
4696869983204914625 8840274793696093241
4423294182629100405 2100098998068644159
3082657071123168428 277457769334963641
2234831591210880676 2027759445541244871
6254186960297952775 4916335107595854434
2686172552679188648 2002261462033754263
2409021681662955831 4457054635918946259
1574560601802570243 7845606029700483105
8478131115905136652 6146000200993103093
5164733237765404268 7138597649684734674
3061962322966292919 9034564333910814095
1626014887716340218 3358120668996536523
146408294098676991 8993429549955720901
7338069108737002323 1330562448523300173
3732687625992323727 4021659747428512042
3655250722186850499 3545293964615711922
1588195458844717317 2346177992368646513
6880921675613122086 6682274463210243590
6554755769580115887 6355149536213705731
5430213696800579417 4890646969127452814
4657653484122941691 6268188990568768850
4083261762110359569 3684603377790200771
4344262259762451539 7833297472497441855
3417707885161340621 4054082279902507638
154232427885440366 3939282543445211077
9026184444763061962 8147907757693663586
8860431509704141880 7757466230479659626
823754536794252185 6482857354112125977
