5541095836614705348 424648708088216278
5346240629247249673 4331736995457736867
4405457166853439284 4575966099194364824
7633238865387703752 9099047636434340277
7539340673616644670 64310586229785140
728078204316727757 2958511705108219017
699792653607523086 2442834290225757204
6652908693012347712 5030583410101089866
4876046174396170481 7351634221559941424
4612010146044171291 6791629265631937642
4404089830405563402 113538057036904645
4355625302992559784 2338240499967157723
43416391108289824 5310238094634718507
4221239335160854440 5037172556459453935
4038578573148063167 1745130958152685775
4004062311118278220 7112904766995749914
1672564915551624147 2581212321024812699
1181038570575080766 8316772446089539390
8374295001611825290 2244138072385231662
7642077715783025565 7605876280455012045
7317088061467297768 7963904058669646880
5295589986649726032 4896016820164900121
3349597938493099287 3919919861093910188
1932195219859783009 2776553106535705803
1714810747070456300 979702482845575108
1334629767183234014 269673926799806223
8920415103604588097 4137839812881824208
4151419817987629342 1627931303980436526
3136777206724724665 8983500821317437983
2343786098662907854 4440345407237485902
2310010276220190860 8952084996812575885
8739176104119830293 5260254595087987685
6786874739345945421 3396276275894355672
6291517211693143625 2562592219154469844
4807041036334781768 5867236964187007034
1445773327285038499 8956655013426387080
936615196844720173 6267159674216344485
8968709062766950730 7874525638177019758
5746963391704451947 4929993321718176896
4796917289933834930 7336389301450468894
2887880781126648301 2055496847386485507
905124463815431001 8964141279046615717
6141590662698194704 3729401664359028517
564506648392974111 1761694279343725820
396935578571449836 1685729795451023687
3501233537388015639 4313683543954308240
1887980610756785766 7696446035140381679
8813006675156416526 4030626701403797182
5117157973656512069 2868295039247809176
4347963702101676315 7496261041111540869
2520631604103912250 3062650049422735754
7907727751696816390 3440152122694061433
5093281492407563470 3582124613740853548
480771637564047075 6517898243138469054
1148402827197135140 4419004024833449396
8802227276323605685 4288567905205631091
7934219951053766649 3570591428193733320
4071026023061213870 2324698733731429944
2079928970557798640 5931183666991404673
1429958829836930131 2970259730335656800
