2904771558218700181 9089459980967665801
8034648204596600879 7790574517597299868
7002898110285389390 8578223635952338802
3896416372536105118 9012948383231585284
4095024816131573121 6681066214779654907
4625139936223931935 4599730645493470048
6372258706445967624 2974275768817407402
4634759077692842560 7595606770454162085
2825453020096694533 6896701093787862934
3954464011081325074 5872631378984313765
7421534503591137114 8674465397224329278
3825745923642048810 714615516957172387
2745936501970006599 9214928691913669448
9081248154626929492 2086305716430110696
2405871988417584539 5254802103807354085
3768051803850232570 8736067924464081560
6908985606982969133 4133818235708322471
8262859030199215254 1912025010562866480
3872299465362313211 2219483509765348798
9204064368673026870 3664734996884483515
4614100189762954631 6769475352946730511
7204213222772510185 2255237240786436970
181278512695377023 1170536215708579317
4744645135358012250 8751785310530255863
7523411498186013616 1930130072971885418
8709531605683402840 5063585635226846051
8374295001611825290 9142436496777117650
2387423309867367631 3002878208344507309
7171429020801271881 4270651959988398626
3837322738024036009 2370468579952476605
8730802693064670416 1477906677027185930
154232427885440366 8762854870688092224
656707744707807167 1430813664729028455
8096183001094683271 4730196862257147631
2114068361230241913 8800473713369996092
1107058760236776400 6172528829345890305
838957408149116567 8851210693205058208
3430760887649883569 792233110711477048
9149881920343406910 2275186222502914350
