6537582707937615794 3122850458739754126
2824249385731408668 3167990553488722597
8316029583086662986 1377392648775595187
6076824143986236228 9164197367554377048
4448951900930325931 5936407556422533867
1475696296259820282 1874230779949918351
5920526578866099280 9155734939689935304
1413707848593894607 5881752011441604592
911969770469619656 2799913824541792555
659897744070935367 8269307378065064628
6432572089423739502 5183005618928523580
8394995582008927592 3404293407345350558
5712824519786250522 6636309824221407996
606587699317310362 3778943979601069746
7353972419447083026 8365130614469666304
6097013139053144173 6388366435805227233
2098639800086815688 1134542020205768014
4897717450435632401 6999136473123952924
3259618041448285076 9105731598233839242
6798169111220185344 9188409200341880221
2146920482302987092 4528994310291036887
5216127528712133624 7641493879527461940
4365937636552402852 5547105761950316563
2829458986838662701 3276411895749303740
665688289993094051 5575163071004246980
2734366632274099626 6665243607317293115
4043743417849617354 8867973697358796169
5215580467320810416 142739092797505372
4378109793681484412 8697765297134418530
8364505484409101538 983249142378862645
2089525207077426323 3376344186259175329
2825453020096694533 6916943412428949838
2644587646679476738 1836672391595554281
105657022597535184 6681477312828340200
